# Camera parameter file. 

# The format of each camera is as follows:
# Filename (of the undistorted image in visualize folder)
# Original filename
# Focal Length (of the undistorted image)
# 2-vec Principal Point (image center)
# 3-vec Translation T (as in P = K[R T])
# 3-vec Camera Position C (as in P = K[R -RC])
# 3-vec Axis Angle format of R
# 4-vec Quaternion format of R
# 3x3 Matrix format of R
# [Normalized radial distortion] = [radial distortion] * [focal length]^2
# 3-vec Lat/Lng/Alt from EXIF

# The nubmer of cameras in this reconstruction
97

00000000.jpg
/Users/patricio/Desktop/flatiron/IMG_6902.jpg
2992.50292969
1224 1632
0.0294683579934 0.243065368731 0.338810533938
0.0793094472398 -0.0492799979021 -0.407458059407
-0.502810289871 0.270006399495 -0.0345459258528
0.959414556169 -0.247994722668 0.13317182148 -0.0170386475252
0.963953447878 -0.0333575322741 0.263985040292
-0.0987460380865 0.876420931036 0.471321769091
-0.247082895708 -0.480397218032 0.841530783445
-0.0523740663385
40.7418333333 -73.9893194444 13.3554376658

00000001.jpg
/Users/patricio/Desktop/flatiron/IMG_6903.jpg
3011.3112793
1224 1632
-0.939319480201 0.277636905606 0.539395265911
1.09452726399 -0.0256050042051 -0.227381775339
-0.440658780384 0.363978896449 -0.0748053088525
0.958755207563 -0.217291831592 0.179480461053 -0.0368870048594
0.932853070934 -0.00726793709798 0.360186011714
-0.148730369099 0.902849269486 0.403418445318
-0.328125295047 -0.429900255082 0.8411438517
-0.0594549959511
40.7419083333 -73.9893888889 13.4671328671

00000002.jpg
/Users/patricio/Desktop/flatiron/IMG_6904.jpg
2978.85522461
1224 1632
-0.732978272724 1.22905510602 2.74874607883
1.75259228242 -0.0602037957284 -2.55503907948
-0.41456279622 0.366882193267 -0.0316808724069
0.961812169197 -0.204636076642 0.181100024663 -0.015638280842
0.933916959612 -0.0440370576243 0.354768969451
-0.104201412901 0.915759068522 0.387978544051
-0.341967860799 -0.399307331032 0.850654567128
-0.0685202589354
40.7420777778 -73.9892888889 13.582122905

00000003.jpg
/Users/patricio/Desktop/flatiron/IMG_6905.jpg
2999.7043457
1224 1632
-0.503270363172 2.15340180254 5.12169583594
2.37655089048 -0.0404634533372 -5.04702531691
-0.394290074905 0.351008169255 -0.0407180865274
0.965163748216 -0.19485041153 0.173461343774 -0.0201220786967
0.939014581182 -0.0287558502908 0.34267891051
-0.106440253878 0.923259369721 0.369144742298
-0.326995492399 -0.383105471837 0.863890292579
-0.0759529152297
40.7421916667 -73.9892277778 14.1537777778

00000004.jpg
/Users/patricio/Desktop/flatiron/IMG_6906.jpg
3002.01269531
1224 1632
-2.42305110548 2.03842257796 9.09953405847
6.30110841662 0.000776664783479 -7.28859467792
-0.221224851334 0.457779508038 -0.0417353680547
0.96764590598 -0.10941691098 0.226415881298 -0.0206421431572
0.896620923387 -0.00959878135697 0.44269810971
-0.089495922624 0.975204085342 0.202406161753
-0.433663492636 -0.221101142068 0.873529388711
-0.057607720504
40.7424583333 -73.9893416667 13.7248536456

00000005.jpg
/Users/patricio/Desktop/flatiron/IMG_6339.JPG
3583.32983398
518.5 777.5
-0.595334569622 4.84568012063 16.2883470683
7.22617487275 -0.00390018278026 -15.3924389231
-0.281856860751 0.399171077981 -0.071153631284
0.969674632785 -0.139500960547 0.197563928912 -0.0352164566228
0.919458827051 0.0131763703132 0.39297114271
-0.123417648262 0.95859992499 0.256626251157
-0.373319778166 -0.284455919607 0.883016821823
0.0825308194366
0 0 0

00000006.jpg
/Users/patricio/Desktop/flatiron/IMG_6340.JPG
3581.88305664
518.5 777.5
-1.23203518959 5.04250253195 16.1873869681
7.20406274192 -0.00670786458758 -15.3973126169
-0.29949558009 0.363050800698 -0.0501861267526
0.972127998368 -0.148353930718 0.179835753561 -0.0248594959866
0.934082988186 -0.00502544634584 0.357022755222
-0.101691894641 0.954747275472 0.279497048235
-0.342270729357 -0.29737899064 0.891301117186
0.0852085529453
0 0 0

00000007.jpg
/Users/patricio/Desktop/flatiron/IMG_6341.JPG
3585.48803711
518.5 777.5
-1.04971210462 4.95274447006 16.2547803605
7.212916829 -0.00224565858613 -15.4214959487
-0.29186053871 0.37288249443 -0.0565896290498
0.97170678976 -0.144551377161 0.184679567602 -0.0280274573889
0.930217902454 0.00107763930572 0.367011725545
-0.107860243272 0.956640398828 0.270570976534
-0.350805833532 -0.291275242092 0.889998039782
0.0887362772204
0 0 0

00000008.jpg
/Users/patricio/Desktop/flatiron/IMG_6347.JPG
3589.37475586
518.5 777.5
-1.69674029157 2.91187164949 11.1673901332
6.43914436071 -2.22044604925e-16 -9.72655294983
-0.245925058315 0.43467525881 -0.0690172883168
0.968395181363 -0.121664376208 0.215043129719 -0.0341443258698
0.905182394243 0.0138042704541 0.424802069042
-0.118456532119 0.968065457045 0.220953193777
-0.408184853378 -0.250323588878 0.87790905786
0.0845123594335
0 0 0

00000009.jpg
/Users/patricio/Desktop/flatiron/IMG_6348.JPG
3593.38232422
518.5 777.5
-1.66707223548 4.23056784378 10.7448228794
6.43515795428 -0.00259989573504 -9.73224088786
-0.378562189058 0.440598684598 -0.0571016030598
0.957714612945 -0.186605555367 0.217185351865 -0.0281472282741
0.904077362955 -0.0271419227912 0.426508037771
-0.134969970119 0.928772754138 0.345203133931
-0.405498303025 -0.369656334997 0.836019002297
0.0923580540842
0 0 0

00000010.jpg
/Users/patricio/Desktop/flatiron/IMG_6349.JPG
3603.6394043
518.5 777.5
-2.51534801612 3.90431624124 8.55658940676
6.62575590246 -0.0119091867366 -7.13335823954
-0.416967266322 0.479186955855 -0.106296025075
0.948599367211 -0.204899176977 0.235474150618 -0.0522342395028
0.883647913005 0.00260187613457 0.46814645512
-0.195595590022 0.910576964356 0.364134715771
-0.425336065963 -0.413334202719 0.80513816053
0.0976902467109
0 0 0

00000011.jpg
/Users/patricio/Desktop/flatiron/IMG_6338.JPG
3587.21875
518.5 777.5
-2.25977286856 5.6775969471 18.5558186151
11.0626448541 -0.00373087159386 -16.1020996303
-0.307239360806 0.489057763707 -0.0286329069291
0.958491514131 -0.151488232974 0.241136084425 -0.0141178150619
0.883309158685 -0.0459949345378 0.466531348333
-0.100122158277 0.953704824046 0.283591768941
-0.457976214357 -0.297208974244 0.837809947912
0.0917734068315
0 0 0

00000012.jpg
/Users/patricio/Desktop/flatiron/IMG_6352.JPG
3597.43481445
518.5 777.5
-2.84935461582 3.85518983744 7.9124304739
6.78417166215 -0.00492770925819 -6.28989511571
-0.44890651458 0.503532083589 -0.106232867766
0.942270935014 -0.220117243057 0.246902396001 -0.052090324411
0.872651420861 -0.0105285127195 0.488229811385
-0.206861307471 0.897670736497 0.389097705427
-0.442365994764 -0.440542616286 0.781175902531
0.0922948581078
0 0 0

00000013.jpg
/Users/patricio/Desktop/flatiron/IMG_6351.JPG
3592.73242188
518.5 777.5
-2.96091801645 2.41308237778 8.41912808419
6.78202142017 -0.00276132506058 -6.28297935914
-0.272010865548 0.494077062934 -0.0709226771917
0.959879825863 -0.134181666992 0.243725866588 -0.0349858195332
0.878748080009 0.00175734149811 0.477283986004
-0.132571387947 0.961542796466 0.24054276903
-0.45850618351 -0.274650331554 0.845186243922
0.0894780476265
0 0 0

00000014.jpg
/Users/patricio/Desktop/flatiron/IMG_6350.JPG
3594.35791016
518.5 777.5
-2.65911045034 2.05952063318 9.13739428392
6.62040992772 -0.00668098138332 -7.13964524173
-0.221331556496 0.470053463517 -0.0441407747092
0.966206529634 -0.1094163534 0.232373262518 -0.0218212110437
0.89105366788 -0.00868326511706 0.453816401469
-0.0930184514969 0.97510486392 0.201296513668
-0.444265852759 -0.221578666748 0.868061699829
0.0876243109605
0 0 0

00000015.jpg
/Users/patricio/Desktop/flatiron/IMG_6354.JPG
3600.49365234
518.5 777.5
-3.78624948369 1.26280442259 3.89841060777
5.33101920697 -0.00585522886991 -1.64563965173
-0.287733089181 0.519259348936 -0.0924195471034
0.955218167406 -0.141712528065 0.25574241485 -0.045517905848
0.865048548767 0.014475127835 0.501480496474
-0.159442994598 0.955691377074 0.247450870429
-0.475678706888 -0.294014655 0.829027063532
0.102087879557
0 0 0

00000016.jpg
/Users/patricio/Desktop/flatiron/IMG_6353.JPG
3600.13330078
518.5 777.5
-3.81677983455 2.28083597376 3.41142236999
5.34727723443 0.00761622751825 -1.67760892935
-0.568508317771 0.50034740439 -0.158564166133
0.926092474711 -0.277216192938 0.24397954833 -0.0773191052756
0.868991563651 0.00793913462091 0.494763363742
-0.278479431568 0.834346411663 0.475726974993
-0.409027131024 -0.551184345599 0.727251111552
0.0747604488116
0 0 0

00000017.jpg
/Users/patricio/Desktop/flatiron/IMG_6346.JPG
3599.46704102
518.5 777.5
0.125937091046 4.17727102418 10.1829155744
3.6387203711 -0.0275257835785 -10.3882714694
-0.382386061874 0.343430211092 -0.0701473269303
0.966552723409 -0.189056610817 0.169796334739 -0.0346817449945
0.939933855163 0.00284126052564 0.341347967256
-0.131245679782 0.926109152852 0.353688563708
-0.31512047181 -0.377244164548 0.870853660505
0.0913122801602
0 0 0

00000018.jpg
/Users/patricio/Desktop/flatiron/IMG_6343.JPG
3587.13989258
518.5 777.5
0.139604913852 4.71566300699 14.8379591317
4.52344643946 -0.0316891750292 -14.8982868319
-0.305417182554 0.303642010774 -0.0319223233351
0.976778633432 -0.151524717132 0.150644012256 -0.015837422679
0.954112340725 -0.0147132513228 0.29909125025
-0.0765918756488 0.953579346015 0.291240574567
-0.289492159455 -0.300783849959 0.908694308179
0.0866831260602
0 0 0

00000019.jpg
/Users/patricio/Desktop/flatiron/IMG_6342.JPG
3589.40161133
518.5 777.5
0.102186236582 4.70349339047 14.8553054369
4.53319883191 -0.0287411679347 -14.9084771645
-0.304942429435 0.302044288385 -0.0290301043049
0.976956226455 -0.151298234848 0.149860312201 -0.0144033860651
0.954669973502 -0.0172042249229 0.29717250568
-0.0734901357163 0.953802403131 0.291306385631
-0.288455354734 -0.299940624716 0.909301497
0.0833440345644
0 0 0

00000020.jpg
/Users/patricio/Desktop/flatiron/IMG_6344.JPG
3589.30126953
518.5 777.5
-0.10545365068 2.11445002494 10.761366377
3.6271332875 -0.0355373920303 -10.3504357619
-0.187691426212 0.325666458935 -0.0390395813373
0.982201896754 -0.0932882911113 0.16186603746 -0.0194038475925
0.946846131868 0.00791657101627 0.321590531514
-0.0683174126226 0.981842179799 0.176974341485
-0.31434998454 -0.189537404412 0.930193952279
0.0762552115848
0 0 0

00000021.jpg
/Users/patricio/Desktop/flatiron/IMG_6345.JPG
3595.15161133
518.5 777.5
-0.124815138516 1.87126866392 10.7979922008
3.62431426192 -0.0366659947675 -10.342955691
-0.166297054323 0.324652285643 -0.0300005427656
0.983302599499 -0.0826852218592 0.161421658218 -0.0149166895624
0.947441004279 0.00264087665018 0.319919380311
-0.0560296018402 0.98588208064 0.157793524446
-0.314985964253 -0.167424849931 0.934212923805
0.0909824631051
0 0 0

00000022.jpg
/Users/patricio/Desktop/flatiron/IMG_6356.JPG
3606.63427734
518.5 777.5
-4.85970856024 0.435491628618 0.764896067047
4.47544674347 -0.00109862164092 2.08849287675
-0.337056272158 0.601688303549 -0.136989819269
0.938833914656 -0.165077847939 0.29468494873 -0.0670926086308
0.817320035995 0.0286857682419 0.575471333879
-0.223269497379 0.936496213557 0.270418911953
-0.531169562147 -0.349503816862 0.771820227679
0.107887177668
0 0 0

00000023.jpg
/Users/patricio/Desktop/flatiron/IMG_6357.JPG
3607.4440918
518.5 777.5
-5.76177149565 0.0856633615592 -0.29110969201
4.09045977952 0.0399935468963 4.06898108773
-0.755591599669 0.693501651911 -0.35733569759
0.856143988476 -0.359499766648 0.32995825012 -0.17001525686
0.724444772633 0.0538751985608 0.687224779407
-0.528354961877 0.683709221665 0.503371079474
-0.442742309745 -0.727763176822 0.523776121714
0.0131958988543
0 0 0

00000024.jpg
/Users/patricio/Desktop/flatiron/IMG_6862.jpg
3021.08911133
1224 1632
-5.82427447336 -0.400074075273 -0.596512323595
4.02298614421 -0.00777495904104 4.27242036518
-0.513470373727 0.678544410039 -0.176327487951
0.907080191063 -0.248732877356 0.328697257249 -0.0854157234361
0.769324504406 -0.00855785375349 0.638800932843
-0.31847349669 0.861672537542 0.395089402298
-0.553818150786 -0.507393261364 0.66018085013
-0.052550584548
40.741875 -73.9895555556 14.200012207

00000025.jpg
/Users/patricio/Desktop/flatiron/IMG_6861.jpg
3016.59545898
1224 1632
-5.8110955506 -0.4441810366 -0.544561414347
4.00261721989 -0.00749471581621 4.27102705128
-0.512680660719 0.687704372713 -0.165452374208
0.906113056412 -0.248266624936 0.333022203973 -0.0801206397656
0.765354074422 -0.0201598302605 0.643293762326
-0.310553261379 0.863889158776 0.396551333367
-0.563729306054 -0.503279187935 0.654920250807
-0.055953939685
40.741875 -73.9895555556 14.4125065686

00000026.jpg
/Users/patricio/Desktop/flatiron/IMG_6863.jpg
3019.7734375
1224 1632
-5.61444274932 -0.425042708123 -0.584363396189
4.07001527148 -0.0224612086762 3.93427456784
-0.502369280128 0.631683027317 -0.147224942327
0.917039242814 -0.244199288145 0.307058078003 -0.0715653355719
0.801188687848 -0.0187101585463 0.598121015983
-0.281223043124 0.870490915055 0.403931408198
-0.528216213426 -0.491829912987 0.692164288539
-0.0584927611274
40.7418972222 -73.9895861111 14.6853333333

00000027.jpg
/Users/patricio/Desktop/flatiron/IMG_6860.jpg
3013.85302734
1224 1632
-5.56151602488 -0.973512686143 -1.80802440932
3.1008565683 -0.0287551082938 5.05282020703
-0.560662243674 0.639028556591 -0.227786379792
0.904729276147 -0.271370808005 0.309301540628 -0.110252785227
0.784353607585 0.0316271419317 0.619506988684
-0.367368548354 0.828404804071 0.42283133866
-0.49982964717 -0.559237120114 0.661381840813
-0.0452474894847
40.7418444444 -73.9895166667 13.9450980392

00000028.jpg
/Users/patricio/Desktop/flatiron/IMG_6857.jpg
3018.36328125
1224 1632
-6.80855321583 -0.338764758312 -0.828259083361
4.16546527539 -2.22044604925e-16 5.4594935141
-0.511206976521 0.76394088595 -0.235869814614
0.889524693809 -0.246119651823 0.367797924322 -0.113559085291
0.703658123999 0.0209827002343 0.710228837995
-0.383071742058 0.853058782311 0.354325322091
-0.598432506069 -0.521392709621 0.608299817277
-0.0484581345493
40.7419055556 -73.9895777778 14.2737430168

00000029.jpg
/Users/patricio/Desktop/flatiron/IMG_6858.jpg
3006.87133789
1224 1632
-6.80253809734 -0.319850365569 -0.838941025417
4.14096838796 -0.0211884288306 5.47106307652
-0.545028354866 0.763827710568 -0.256930806845
0.884002183913 -0.26189334232 0.367029330294 -0.123458655222
0.700095696662 0.0260301620827 0.713575302012
-0.410520721274 0.832340919049 0.372402888213
-0.584243616146 -0.55365425804 0.593402828938
-0.0437645176668
40.7419055556 -73.9895777778 14.3123772102

00000030.jpg
/Users/patricio/Desktop/flatiron/IMG_6859.jpg
3008.44165039
1224 1632
-6.79233189494 -0.252802675353 -0.978774308008
4.15283215632 -0.0128557428469 5.4691352396
-0.477025032969 0.751268799769 -0.235955299232
0.895903929831 -0.230177540199 0.362507609471 -0.11385484329
0.711251322743 0.037124083868 0.701957735567
-0.370887922268 0.868110473871 0.329887284061
-0.597130232108 -0.494980567233 0.631213609335
-0.0548282427913
40.7419055556 -73.9895777778 14.0489795918

00000031.jpg
/Users/patricio/Desktop/flatiron/IMG_6856.jpg
3014.60473633
1224 1632
-7.513838733 0.137714224651 -0.361396064497
4.8957710694 0.0030717155749 5.71303516432
-0.490343873494 0.798697653228 -0.260892007648
0.884011829714 -0.23561752585 0.38378610426 -0.125362490854
0.673985063584 0.040790580432 0.737617875477
-0.402497119237 0.857537228023 0.320352555887
-0.619467949504 -0.512802164671 0.594385368692
-0.0491124958277
40.7419194444 -73.9896861111 14.1899710704

00000032.jpg
/Users/patricio/Desktop/flatiron/IMG_6855.jpg
3018.38745117
1224 1632
-8.12777611381 0.378229202624 0.149930739647
5.65682098093 0.0209020897225 5.85031720416
-0.475894990565 0.812888017055 -0.250050577969
0.883607331886 -0.228642020881 0.390549097289 -0.120135892587
0.666077613549 0.0337140099954 0.745120213003
-0.390897812056 0.866581485954 0.310221875961
-0.635247970301 -0.497897188149 0.590388568347
-0.0524643213245
40.7420166667 -73.9896916667 16.8587962963

00000033.jpg
/Users/patricio/Desktop/flatiron/IMG_6854.jpg
3017.5456543
1224 1632
-8.13569600399 0.287463875646 0.152715114769
5.64699820616 0.0192953699789 5.86571428845
-0.45881377035 0.813786519413 -0.231204581174
0.886440141218 -0.220655496587 0.391371140452 -0.111192307139
0.668929342955 0.0244144329642 0.742924374503
-0.369846864805 0.877895426958 0.304160977105
-0.644783981542 -0.478230581116 0.596279725939
-0.050342569271
40.7420166667 -73.9896916667 15.2132564841

00000034.jpg
/Users/patricio/Desktop/flatiron/IMG_6853.jpg
3019.16137695
1224 1632
-8.51401252214 0.472545758531 0.870350275922
6.10906533262 0.0248580285047 6.0123079552
-0.47647561957 0.872777040485 -0.229565487238
0.872616684028 -0.228033351125 0.41769665677 -0.109866245423
0.626918467329 0.00124477082344 0.779084461301
-0.382239704246 0.871860517091 0.306190043418
-0.678871824941 -0.489752783409 0.547060524557
-0.0534826016257
40.7418527778 -73.9897166667 14.204620462

00000035.jpg
/Users/patricio/Desktop/flatiron/IMG_6361.JPG
3623.94287109
777.5 518.5
-8.56084457394 0.69682788566 1.4173247284
6.354763508 0.0808046140571 5.94919520974
-0.268089393814 0.919473699813 -0.177348436016
0.883731105666 -0.128808196115 0.44177707653 -0.0852101301062
0.595144242249 0.0367966906275 0.802775863043
-0.264414679343 0.952295114891 0.152376077507
-0.758872714158 -0.302951160778 0.576483311349
0.0979027808124
0 0 0

00000036.jpg
/Users/patricio/Desktop/flatiron/IMG_6360.JPG
3623.92919922
518.5 777.5
-8.318543248 0.970021117471 2.37768222361
6.3436821952 0.0678308655566 5.96200781519
-0.273201308056 1.03907929126 -0.194005481368
0.854668135798 -0.129916740071 0.494118403592 -0.0922563653691
0.49467172042 0.0293087829229 0.868585748814
-0.286085520299 0.949221556254 0.130900194764
-0.82064327063 -0.31324259742 0.47793721272
0.0994425029011
0 0 0

00000037.jpg
/Users/patricio/Desktop/flatiron/IMG_6901.jpg
3017.81103516
1224 1632
1.53155276918 -0.23131937647 -0.525794153222
-1.61085396223 -0.00567366716387 0.284143610657
-0.515986473277 0.186968326263 -0.0140350634996
0.962561635123 -0.25476551339 0.0923145936862 -0.00692973622977
0.982860275284 -0.0336966245698 0.181247841656
-0.060377817515 0.870093834443 0.489175710801
-0.174186103321 -0.491734325767 0.853145495914
-0.0665874049594
40.7417027778 -73.9892666667 13.2799377916

00000038.jpg
/Users/patricio/Desktop/flatiron/IMG_6900.jpg
2980.95483398
1224 1632
2.22309516831 -0.0798364051728 -0.314269611034
-2.2436931026 -0.0125228670812 0.113864827066
-0.463726482657 0.0950374418712 0.00386874619409
0.972119694247 -0.229704403382 0.0470762824648 0.00191636248863
0.995561377987 -0.0253530528672 0.0906472705472
-0.0179013180012 0.894465105448 0.446780716937
-0.0924078547167 -0.446419980594 0.890040316334
-0.0781594537032
40.7416833333 -73.9892111111 13.3527528809

00000039.jpg
/Users/patricio/Desktop/flatiron/IMG_6899.jpg
3001.28979492
1224 1632
4.49898832894 0.0337167762028 0.116160062427
-4.4990536039 -9.08368451729e-05 -0.118422760344
-0.487491554964 -0.00133876281078 -0.00538361088319
0.970437335241 -0.241339085135 -0.000662772080207 -0.00266522714504
0.999985380503 0.00549268338938 5.55111512313e-17
-0.00485306032441 0.883497967538 0.468412494492
0.00257271508555 -0.468405340179 0.88351113848
-0.0631297967913
40.7415166667 -73.9890972222 14.3762517883

00000040.jpg
/Users/patricio/Desktop/flatiron/IMG_6838.jpg
2986.58349609
1224 1632
3.57333323197 0.448994684214 0.312527851081
-3.57398114061 0.0131271338232 -0.542629073543
-0.475059561701 0.0341693412257 0.0699667461069
0.971171620803 -0.235242830826 0.0169201784479 0.0346465511796
0.997027398205 -0.0752560337235 0.0165642029256
0.0593349553337 0.886920368138 0.458094502036
-0.0491653855846 -0.455750143145 0.888749501872
-0.0718906699178
40.7416388889 -73.9893027778 12.8893740902

00000041.jpg
/Users/patricio/Desktop/flatiron/IMG_6898.jpg
3008.13647461
1224 1632
6.19323028853 0.00781192898321 -0.495260827749
-6.09452389849 0.021432045441 1.20735961696
-0.483051170963 -0.112931664539 0.0715924763462
0.968761865863 -0.239005372476 -0.0558766362035 0.035422720209
0.991246713965 -0.0419226346071 -0.125194690168
0.0953420874873 0.883243190005 0.459120038279
0.0913299272186 -0.467037124087 0.879508307034
-0.0551852677805
40.7414583333 -73.989075 16.4749455338

00000042.jpg
/Users/patricio/Desktop/flatiron/IMG_6806.jpg
2990.19799805
1224 1632
5.31587484631 0.0319161931883 -0.87162865917
-5.27888815483 -0.00859856072551 1.07356895147
-0.502532730278 -0.0392022948934 0.096569676922
0.967255162047 -0.248517772209 -0.0193867312622 0.0477566525036
0.994686753442 -0.0827498973516 -0.0612408320142
0.102021577273 0.871917241453 0.478908723337
0.0137668315403 -0.482611668781 0.875726199129
-0.0560398340857
0 0 0

00000043.jpg
/Users/patricio/Desktop/flatiron/IMG_6839.jpg
2992.91601562
1224 1632
6.2617901338 -0.330567696837 -2.01804826814
-6.02635432998 -2.22044604925e-16 2.65985446062
-0.536597608003 -0.0872357780352 0.151907549944
0.960435788465 -0.264751038674 -0.0430411215032 0.0749494239822
0.985060547021 -0.121177704554 -0.122362424633
0.166758731915 0.848578456325 0.502100743761
0.0429905092366 -0.515004746542 0.856108611708
-0.0482485473046
40.7413638889 -73.989075 12.9703075292

00000044.jpg
/Users/patricio/Desktop/flatiron/IMG_6841.jpg
2998.25756836
1224 1632
6.53529065901 -0.616797224371 -1.87635649322
-6.14275004573 0.0158698405709 2.97951725614
-0.526805025582 -0.143218956023 0.109437502452
0.961498345704 -0.26001327787 -0.0706880694 0.0540146778268
0.984171439544 -0.0671101277987 -0.164022032664
0.140629965698 0.858951911284 0.492368527042
0.107843814492 -0.507640819089 0.854792924336
-0.0505189310335
40.7413555556 -73.9891055556 13.2234185734

00000045.jpg
/Users/patricio/Desktop/flatiron/IMG_6840.jpg
3005.71508789
1224 1632
6.2702319765 -0.539159151694 -1.77273579405
-5.99416925229 0.0330227207896 2.61112044225
-0.593595150073 -0.104658618522 0.132276266991
0.952775800791 -0.292110689155 -0.051502949744 0.0650937116063
0.986220289884 -0.0939501400538 -0.136170719625
0.154128712755 0.82086870357 0.549926920776
0.0601123371164 -0.563337062342 0.824037912836
-0.0533255203094
40.7413583333 -73.989075 13.2329411765

00000046.jpg
/Users/patricio/Desktop/flatiron/IMG_6842.jpg
2997.31542969
1224 1632
6.59977130466 -0.833244084764 -1.47880779019
-6.13999485685 0.00930218030776 2.95608659468
-0.615413029389 -0.183036667059 0.0894468328091
0.947928866469 -0.30234686506 -0.0899242619728 0.0439444213851
0.979965979824 -0.0289361027328 -0.197056493832
0.137688639472 0.813310867143 0.56530348659
0.143910721048 -0.581109797717 0.800999696575
-0.0481799268313
40.7413527778 -73.9891055556 13.1064453125

00000047.jpg
/Users/patricio/Desktop/flatiron/IMG_6843.jpg
2997.93676758
1224 1632
6.24847258516 -0.554245995058 -2.67773323035
-6.143548918 -0.00703676482627 2.96269910344
-0.447840423308 -0.0253916217423 0.114878436585
0.973319278284 -0.221925195791 -0.0125826976158 0.0569274639009
0.993202014156 -0.105232359209 -0.049761354748
0.116402033105 0.895017478597 0.430575486261
-0.000773426098798 -0.433440799342 0.901182177161
-0.0457743188674
40.7413555556 -73.9890972222 12.6789862724

00000048.jpg
/Users/patricio/Desktop/flatiron/IMG_6890.jpg
2998.13598633
1224 1632
7.67704573208 0.491307644091 -0.489442631472
-7.37280406308 -0.00738544301032 2.24937108111
-0.601090009616 -0.244948081503 0.171263691092
0.944196924636 -0.294933480873 -0.120187308315 0.0840329996386
0.956986909367 -0.0877926562636 -0.276529360257
0.229582143043 0.811905643657 0.536751275033
0.177392587308 -0.577149867416 0.79713877694
-0.0431949971556
40.7413722222 -73.9889666667 14.4449760766

00000049.jpg
/Users/patricio/Desktop/flatiron/IMG_6891.jpg
2994.57226562
1224 1632
8.20606820872 0.361289958096 0.0946104969184
-7.87114337818 -0.00472084700007 2.3503660303
-0.588481545918 -0.305916032956 0.1252283596
0.943591352388 -0.288687108233 -0.150071001426 0.0614323647912
0.947408658023 -0.0292869350423 -0.318681036561
0.202581257653 0.825772074871 0.526366742156
0.247741760196 -0.563243893344 0.788277828312
-0.0375871456075
40.7413555556 -73.9889611111 14.7586666667

00000050.jpg
/Users/patricio/Desktop/flatiron/IMG_6889.jpg
3006.92211914
1224 1632
8.10434020587 -0.239534331804 -1.10496825662
-7.49171317999 0.0368747952233 3.29112763133
-0.55810927674 -0.261116713319 0.13219247679
0.950766749227 -0.274459839264 -0.128408636361 0.0650079248703
0.958570337517 -0.0531286006634 -0.279857596316
0.194100892948 0.840892055487 0.505199133445
0.208489050748 -0.538590023238 0.816367252741
-0.0499292401629
40.7413666667 -73.9890444444 14.0241397021

00000051.jpg
/Users/patricio/Desktop/flatiron/IMG_6888.jpg
3004.1328125
1224 1632
8.30599213011 -0.337188927021 -1.36907890324
-7.69193279231 0.0376055964178 3.4366022339
-0.660583709092 -0.231775192012 0.162608644332
0.936125475949 -0.323229032196 -0.113409504307 0.0795657446754
0.961615934231 -0.0756523066206 -0.263766936117
0.222281775793 0.778384899367 0.587118799811
0.160895168669 -0.62321292661 0.765322793282
-0.0466481922959
40.7413888889 -73.9890888889 15.208281054

00000052.jpg
/Users/patricio/Desktop/flatiron/IMG_6892.jpg
3000.34350586
1224 1632
8.9609990706 0.897326985166 0.233040468558
-8.72539369694 0.010558811489 2.24194263734
-0.480512572112 -0.295937700083 0.154298685818
0.957519328713 -0.236844469695 -0.145867583299 0.0760537653709
0.94587756696 -0.0765501633488 -0.315367850747
0.214741638107 0.876240509806 0.431378696304
0.243316271021 -0.475753934222 0.845254982673
-0.05182242934
40.7413 -73.9889305556 13.8557142857

00000053.jpg
/Users/patricio/Desktop/flatiron/IMG_6893.jpg
3020.56201172
1224 1632
9.39697436641 0.408534287028 0.494387413127
-9.10264191158 0.1085294246 2.41752778709
-0.497437667178 -0.313456156078 0.105938533215
0.955715673363 -0.245036429861 -0.154407642346 0.0521850307619
0.946870645935 -0.0240770429062 -0.320714771677
0.17541916435 0.874467893549 0.452254596203
0.269564443833 -0.484486030048 0.832231253759
-0.0580411486154
40.7412611111 -73.9889305556 14.1164856861

00000054.jpg
/Users/patricio/Desktop/flatiron/IMG_6894.jpg
2981.93041992
1224 1632
9.86633439305 0.992193121865 1.36994655256
-9.71479698647 -0.0134046703379 2.41423987658
-0.460223319563 -0.397678108395 0.121291654061
0.952300837178 -0.226441180011 -0.195667399503 0.0596784736964
0.916304164793 -0.0250494352752 -0.39969567358
0.202278006575 0.89032649343 0.407925985122
0.34564123984 -0.45463451606 0.820876879733
-0.0529890139546
40.7412027778 -73.9889305556 14.1869510665

00000055.jpg
/Users/patricio/Desktop/flatiron/IMG_6895.jpg
2989.12402344
1224 1632
10.5715467051 1.99238721138 2.57493308169
-10.7665058982 0.0145047943845 2.53759620952
-0.442625130603 -0.500933273416 0.179758070247
0.940700136645 -0.216920420745 -0.245495903693 0.088095305789
0.86394290724 -0.0592361571115 -0.500095754234
0.272248907662 0.890369547322 0.364860109755
0.423656366364 -0.451368167988 0.785354533772
-0.0579563045838
40.7411583333 -73.9889222222 14.0360419397

00000056.jpg
/Users/patricio/Desktop/flatiron/IMG_6897.jpg
3002.8203125
1224 1632
10.5207420778 1.88949538831 2.77495026754
-10.7572776534 0.0775216739731 2.49630727132
-0.436641907729 -0.512550527662 0.171669678176
0.940250231119 -0.21395517371 -0.251150508551 0.0841183935046
0.859694966223 -0.0507149661146 -0.508284029938
0.265654389622 0.894294179528 0.360090069517
0.436293264907 -0.444595536602 0.782292842728
-0.0585349276725
40.7411583333 -73.9889305556 13.922972973

00000057.jpg
/Users/patricio/Desktop/flatiron/IMG_6896.jpg
2999.26904297
1224 1632
10.5740832993 1.87579887408 2.79896876526
-10.7964078344 0.0834481677942 2.56801698087
-0.432552134987 -0.51809842498 0.17121638982
0.940004273446 -0.211933302841 -0.253847574711 0.0838892056242
0.857047949928 -0.050114787127 -0.512793381415
0.265310060004 0.896093337094 0.355846318747
0.441677838716 -0.441026522678 0.781290849368
-0.0579095686375
40.7411583333 -73.9889305556 14.0432132964

00000058.jpg
/Users/patricio/Desktop/flatiron/IMG_6887.jpg
2994.83691406
1224 1632
11.5912201033 -0.516512610971 -0.620635262029
-9.53983976872 0.0317548066843 6.63315500071
-0.689839662443 -0.513813406733 0.193936464596
0.904377175253 -0.333854032036 -0.248664562059 0.0938572746528
0.858713688569 -0.00372944520298 -0.512442522299
0.335800062507 0.75946403242 0.557182029921
0.387103694581 -0.650537835836 0.653414579482
-0.0487149879192
40.7411694444 -73.9893416667 14.03125

00000059.jpg
/Users/patricio/Desktop/flatiron/IMG_6885.jpg
2996.4621582
1224 1632
11.9321919044 1.09670092776 1.09905672398
-9.46529506111 -0.000214338886046 7.42940501947
-0.683421118711 -0.755973086163 0.294877002123
0.862579057195 -0.325909529798 -0.360508076654 0.140620800966
0.700519455983 -0.00760743195927 -0.713592834712
0.477578799717 0.748017800118 0.460855700668
0.530274032772 -0.663635239107 0.527633263543
-0.0616690533781
40.7411305556 -73.9894555556 13.7856746252

00000060.jpg
/Users/patricio/Desktop/flatiron/IMG_6884.jpg
2997.32739258
1224 1632
11.6438294216 -2.08352593807 -2.23158277463
-9.43602046517 -0.0349378872134 7.47395553055
-0.686807393052 -0.403384066229 0.12623676704
0.919800541775 -0.334173388612 -0.196270776476 0.0614218318497
0.915410194002 0.0181856321679 -0.402111668596
0.244168969016 0.769110299457 0.590635092425
0.320008197552 -0.638856363141 0.699611653136
-0.0328884939041
40.7411277778 -73.9894638889 13.7802114804

00000061.jpg
/Users/patricio/Desktop/flatiron/IMG_6886.jpg
2993.63598633
1224 1632
11.6465084482 1.7434663178 2.47236402734
-9.4567809602 -0.00256726143432 7.44060238808
-0.467547088261 -0.89190620646 0.259914189556
0.867812926204 -0.22337917836 -0.426124513607 0.124178760953
0.605995546755 -0.025153192419 -0.795070824365
0.40590254324 0.869362903561 0.281871936877
0.684114619958 -0.493533416827 0.537038649232
-0.0613878658763
40.7411305556 -73.9894472222 13.7887563884

00000062.jpg
/Users/patricio/Desktop/flatiron/IMG_6808.jpg
2950.64501953
1224 1632
11.9181772398 2.09497480634 2.03310135151
-9.56723983527 -0.141152924585 7.68201065171
-0.631044677599 -0.872452702545 0.328165279652
0.845751769888 -0.299126161257 -0.413557767072 0.155556054658
0.60954476167 -0.0157120405445 -0.792596416628
0.51053519363 0.772652207534 0.377310067072
0.60647243718 -0.634635854139 0.478987255868
-0.0549553116803
0 0 0

00000063.jpg
/Users/patricio/Desktop/flatiron/IMG_6807.jpg
2982.42797852
1224 1632
12.3233282968 0.337125960783 -0.361117990095
-9.60044166521 -0.0749527992995 7.74173121292
-0.688464945317 -0.632076851656 0.276443958064
0.883590431995 -0.330768513512 -0.30367721998 0.132815704997
0.7802796387 -0.0338161983602 -0.624515838727
0.435602546257 0.745904088354 0.503861263835
0.448789305229 -0.665194311143 0.596744479001
-0.0510147170195
0 0 0

00000064.jpg
/Users/patricio/Desktop/flatiron/IMG_6809.jpg
2991.51855469
1224 1632
12.7545281256 1.25914563779 0.491289720382
-9.89791744954 -0.0646912251652 8.1567062016
-0.61370732931 -0.734155010594 0.304121122098
0.876610653052 -0.29412585127 -0.351851700546 0.145753325167
0.709912516148 -0.0485605914265 -0.7026137692
0.462515078811 0.784491914182 0.413100593698
0.531134026772 -0.618234824547 0.579380517847
-0.0523091966166
0 0 0

00000065.jpg
/Users/patricio/Desktop/flatiron/IMG_6882.jpg
2987.03540039
1224 1632
12.8476783232 0.309467441171 -0.080281889205
-10.0284159838 -0.0399054671577 8.03705910522
-0.802143652087 -0.64010874795 0.305902538229
0.860048256537 -0.382180944239 -0.304979494721 0.145747112255
0.771490202102 -0.0175841637321 -0.635998228503
0.483814035429 0.665391332887 0.568488256351
0.413190102355 -0.746287962747 0.521850479302
-0.0458042196244
40.7410805556 -73.9896083333 15.2269890796

00000066.jpg
/Users/patricio/Desktop/flatiron/IMG_6883.jpg
2985.11669922
1224 1632
12.3546306432 2.14946091906 2.55623471199
-10.0043306739 -0.0471890348909 7.98138502332
-0.776744177802 -0.895596454229 0.351917500974
0.814854296543 -0.364093937366 -0.419805192791 0.164959110373
0.593104483912 0.0368620073884 -0.80428118186
0.574532566754 0.680447998416 0.454866233796
0.564039078366 -0.731867803035 0.382397616052
-0.0465266573766
40.7410916667 -73.9895555556 14.3182069729

00000067.jpg
/Users/patricio/Desktop/flatiron/IMG_6847.jpg
2974.7890625
1224 1632
11.8405583116 0.0724378380151 -0.400839734821
-8.95077700975 -0.0434415618062 7.76185546914
-0.669318463235 -0.655007655684 0.265340466224
0.883890695215 -0.321603747636 -0.3147274853 0.1274945979
0.769383477415 -0.0229476844125 -0.638375099001
0.427817470683 0.760632087052 0.48827293987
0.474363684138 -0.648777300458 0.595035479883
-0.057957050921
40.7411194444 -73.9891138889 12.243774574

00000068.jpg
/Users/patricio/Desktop/flatiron/IMG_6852.jpg
2994.89575195
1224 1632
11.7451705543 0.0567276424241 -1.97407502707
-9.00169044012 0.000628997439484 7.7986471552
-0.721824959165 -0.520166946974 0.345115705475
0.888304671346 -0.347372251329 -0.250326012066 0.166084059657
0.819505532042 -0.121153960978 -0.560117562499
0.46897902314 0.703496946638 0.533994392378
0.329345501011 -0.700295181829 0.633338277857
-0.0558930923161
40.7411194444 -73.9891138889 12.2295532646

00000069.jpg
/Users/patricio/Desktop/flatiron/IMG_6848.jpg
3016.34130859
1224 1632
11.4984612983 -0.630282687165 -2.92109004861
-8.979871511 0.0362397259583 7.77852514108
-0.553231263108 -0.434467912879 0.233719115044
0.932101032228 -0.270326185627 -0.212294679455 0.114202506422
0.883776552173 -0.09811906041 -0.457503902462
0.327674036065 0.827763111537 0.455453373994
0.334016456963 -0.55243189265 0.76370967341
-0.0530861262833
40.7411194444 -73.9891138889 12.2147525677

00000070.jpg
/Users/patricio/Desktop/flatiron/IMG_6851.jpg
2955.39086914
1224 1632
11.5783231137 1.92010833432 1.64366970421
-8.9552496684 -0.0879064630382 7.76155731179
-0.766324182245 -0.873703638702 0.383927574702
0.818520026434 -0.359690073286 -0.410090837685 0.180204332162
0.598703718915 9.40709139474e-06 -0.800970830559
0.590012825991 0.676299634799 0.441026819919
0.541699422652 -0.736627293259 0.404896780981
-0.0420779095618
40.7411194444 -73.9891138889 12.2482300885

00000071.jpg
/Users/patricio/Desktop/flatiron/IMG_6849.jpg
3004.67993164
1224 1632
11.0896512486 0.105917949689 -4.16019823861
-8.94352596064 -0.0275200913009 7.76604778694
-0.367177683014 -0.353065798238 0.226213278593
0.961419694214 -0.181221741377 -0.174256774682 0.111648300443
0.91433786779 -0.151523595326 -0.375534224665
0.27783990416 0.909387188201 0.309549584353
0.294601355453 -0.387371020364 0.873586257697
-0.0392945363483
40.7411194444 -73.9891138889 12.1510015408

00000072.jpg
/Users/patricio/Desktop/flatiron/IMG_6850.jpg
2930.08984375
1224 1632
11.3953920176 1.47570048554 2.59725283181
-8.85245712289 -0.139297639713 7.77128515452
-0.479143875889 -0.957466662472 0.240920168131
0.853194214743 -0.227729482971 -0.455068715221 0.114505533905
0.559602235647 0.01187430573 -0.828676728479
0.402656142064 0.870055545247 0.28437927412
0.724371252067 -0.492810635469 0.482103691388
-0.0432885223349
40.7411194444 -73.9891138889 12.3453070684

00000073.jpg
/Users/patricio/Desktop/flatiron/IMG_6844.jpg
2984.61132812
1224 1632
10.8704072271 1.56307063926 0.475544694831
-8.52581069494 0.00264193670591 6.93869915882
-0.603967468656 -0.745527328617 0.348428865231
0.872554327434 -0.28904245287 -0.356789163205 0.166748606645
0.689793087803 -0.0847396450722 -0.719030750705
0.497249228213 0.777299111508 0.385422182519
0.52624096264 -0.623398789736 0.578312017981
-0.0543297105475
40.7411222222 -73.9891055556 11.5861214374

00000074.jpg
/Users/patricio/Desktop/flatiron/IMG_6846.jpg
2984.40991211
1224 1632
10.871082671 1.49474301261 0.462964856375
-8.52768913266 -0.00169707228426 6.92152399437
-0.676058795677 -0.739935618907 0.364145338871
0.861190490113 -0.32223909804 -0.352685577007 0.173567545165
0.690974413643 -0.0716515451887 -0.719319802213
0.526247331965 0.732072222322 0.432588693356
0.49559805746 -0.677448293742 0.543549605077
-0.0492816142303
40.7411194444 -73.9891055556 10.7033997655

00000075.jpg
/Users/patricio/Desktop/flatiron/IMG_6845.jpg
3004.3659668
1224 1632
10.8538892658 1.2051764881 0.925618264173
-8.50747717112 0.0234785320944 6.90930046108
-0.496718948954 -0.776437533501 0.270517658518
0.886854751927 -0.238919949555 -0.373463538541 0.13011797811
0.687188556026 -0.0523357932709 -0.724591378498
0.409247195522 0.851972886432 0.326586117523
0.600240276808 -0.520963052848 0.606883961601
-0.0488753621633
40.7411194444 -73.9891055556 11.0106508876

00000076.jpg
/Users/patricio/Desktop/flatiron/IMG_6370.JPG
3635.65795898
518.5 777.5
7.79534338904 0.977700855303 1.26645069651
-7.72188217372 0.0836531615313 1.92161271344
-0.471659572787 -0.423431305779 0.151833715409
0.947367151326 -0.231677619215 -0.207988054274 0.0745802178774
0.902358456041 -0.0449371963213 -0.428639219925
0.237682197902 0.881526797608 0.407944099562
0.359524982026 -0.469990965005 0.806132823999
0.105221123027
0 0 0

00000077.jpg
/Users/patricio/Desktop/flatiron/IMG_6371.JPG
3614.3894043
518.5 777.5
7.73684011371 1.78368927803 0.946712572771
-7.7577898211 0.0852108316185 1.93543772903
-0.739855940459 -0.42784004398 0.272050505257
0.901118304967 -0.357652605672 -0.206821488039 0.131511510226
0.879859435514 -0.0890744876485 -0.466811934152
0.384955229066 0.709578744543 0.590175890213
0.278670580777 -0.698973348946 0.65861861813
0.0106574109155
0 0 0

00000078.jpg
/Users/patricio/Desktop/flatiron/IMG_6367.JPG
3590.83398438
518.5 777.5
4.22750811687 -1.19775675216 -3.05601650543
-3.73320731331 0.0164607477885 3.8351754508
-0.451712693689 -0.123100014091 0.0999336635618
0.971488472138 -0.223705735722 -0.0609639259741 0.0494910460628
0.987668268933 -0.0688840217758 -0.140594305675
0.12343590112 0.895012822224 0.428620802802
0.0963086995261 -0.440689370819 0.892478314833
0.0463851308565
0 0 0

00000079.jpg
/Users/patricio/Desktop/flatiron/IMG_6876.jpg
2972.22241211
1224 1632
14.5404729684 6.05511061751 7.95285594243
-12.5152990624 -0.114131357085 12.4375298375
-0.573044635149 -1.33575311958 0.446102406112
0.72469703306 -0.259711671122 -0.605381594403 0.202179715639
0.185272122723 0.0214118282948 -0.982453376455
0.607487988567 0.783346234717 0.131632858491
0.772419604877 -0.62121625156 0.132124801462
-0.0498638721948
40.7407611111 -73.9894861111 15.3984063745

00000080.jpg
/Users/patricio/Desktop/flatiron/IMG_6877.jpg
2955.47924805
1224 1632
13.2210697306 6.82357892694 9.5099191279
-12.5257102035 -0.161104521704 12.4449591593
-0.521708831126 -1.45870343688 0.459184564289
0.691013835571 -0.233389142367 -0.652558522664 0.205418588404
0.0639413477704 0.0207061137075 -0.997739159353
0.588494460389 0.806665217028 0.0544549440111
0.805968711369 -0.590645561779 0.0393939190013
-0.0554626651549
40.7407694444 -73.9894944444 16.0473627557

00000081.jpg
/Users/patricio/Desktop/flatiron/IMG_6879.jpg
2958.22119141
1224 1632
15.8754101343 3.05612365845 6.98908489015
-12.4503521252 -0.139184151383 12.4573363493
-0.491374371726 -1.21675935686 0.26905728551
0.783967157962 -0.22772616761 -0.563903942054 0.124693895372
0.332927632237 0.0613195677716 -0.940956303987
0.452343242853 0.865184180736 0.216429005924
0.827372379277 -0.497690339736 0.260306206081
-0.0457076239862
40.7407722222 -73.9895027778 15.4331983806

00000082.jpg
/Users/patricio/Desktop/flatiron/IMG_6881.jpg
2944.06005859
1224 1632
12.9738598315 4.72053404732 10.9221845431
-12.4444282763 -0.133998609388 12.4505780117
-0.399046287609 -1.50980191223 0.30531398658
0.699851939339 -0.179130061039 -0.677743201958 0.137054058014
0.0437609145331 0.0509731056255 -0.997740822337
0.434643298806 0.898256607298 0.064954289345
0.899538754721 -0.436503793102 0.0171534261539
-0.0626248771925
40.7407611111 -73.9894861111 15.1463317384

00000083.jpg
/Users/patricio/Desktop/flatiron/IMG_6878.jpg
2951.65185547
1224 1632
15.7877269907 5.69579272513 5.50298204153
-12.538688829 -0.179686972799 12.43889279
-0.727866251891 -1.18024270822 0.494664155258
0.741083342296 -0.331945174418 -0.538252557549 0.225592791078
0.318784428716 0.0229747338707 -0.947548963892
0.69170697231 0.677840273081 0.249146357364
0.648011053498 -0.734849799901 0.200193379114
-0.039905042689
40.7407722222 -73.9895027778 15.6741641337

00000084.jpg
/Users/patricio/Desktop/flatiron/IMG_6372.JPG
3594.11303711
518.5 777.5
7.90804399694 -0.110010927567 -1.10745464671
-7.73448506092 0.0222183237193 1.98819157512
-0.242718160052 -0.109876486451 0.0368766849328
0.990970614935 -0.120993593722 -0.0547727906241 0.0183828133569
0.993324558136 -0.0231793561245 -0.113004721359
0.0496879553016 0.970045273544 0.237788401058
0.104108182667 -0.241815982838 0.964721206976
0.0552589089428
0 0 0

00000085.jpg
/Users/patricio/Desktop/flatiron/IMG_6363.JPG
3495.11303711
518.5 777.5
-1.07921675724 -1.76945429703 -4.53897404293
-0.775217869306 -0.187159191982 4.9256448688
-0.405408294198 0.368458793578 -0.0798403989214
0.961932501599 -0.200125412957 0.181885692221 -0.0394123480783
0.930728890301 0.00302409438476 0.365698392701
-0.148623979939 0.916792993834 0.370677264917
-0.33414864299 -0.399351291559 0.853734666392
0.0623402045612
0 0 0

00000086.jpg
/Users/patricio/Desktop/flatiron/IMG_6364.JPG
3577.65771484
518.5 777.5
-1.10635016 -1.20439405552 -4.55687433941
-0.730331535632 -0.124280445517 4.78443897044
-0.281413239519 0.379118417004 -0.0577489780113
0.971850653234 -0.139383858889 0.187777192105 -0.0286030444619
0.927843295463 0.00324954351455 0.37295642071
-0.107942006265 0.959507892867 0.26017860828
-0.357009126528 -0.281662568966 0.890623580439
0.0876059754009
0 0 0

00000087.jpg
/Users/patricio/Desktop/flatiron/IMG_6837.jpg
3022.20825195
1224 1632
0.160256438164 3.212611045 10.1345015063
3.53026580145 -0.00712820112083 -10.0295471081
-0.304845237482 0.352397446685 -0.0435078630489
0.972748754432 -0.15103551813 0.174595251634 -0.0215559629292
0.938103832685 -0.0108030784606 0.346186052669
-0.0946772228205 0.953446986654 0.286311923186
-0.33316320156 -0.301366525357 0.893409737658
-0.0625703774655
40.7423833333 -73.9891194444 13.174072138

00000088.jpg
/Users/patricio/Desktop/flatiron/IMG_6359.JPG
3606.26049805
518.5 777.5
-8.66093858362 0.706542076627 0.392455317264
6.29783355545 0.0179955013379 6.00017068246
-0.62015756994 0.801271779975 -0.320063794968
0.862154656268 -0.29569572668 0.382052324655 -0.152608790128
0.661493174383 0.0372022921502 0.749027892243
-0.489087223834 0.778549013747 0.39326172508
-0.568524870315 -0.626480065303 0.533200417168
0.13955852315
0 0 0

00000089.jpg
/Users/patricio/Desktop/flatiron/IMG_6836.jpg
2978.43579102
1224 1632
-2.16702093463 3.65575319821 12.8527403648
8.5591026026 -0.00784515682535 -10.4878599346
-0.260340772982 0.517162223292 -0.0940602520786
0.957297191979 -0.128312176926 0.25488981205 -0.0463587611273
0.865764000312 0.0233472793975 0.499907401826
-0.154169168006 0.962773462049 0.222032938733
-0.47611380353 -0.269298607937 0.837134192719
-0.0681157158202
40.7425027778 -73.9893722222 13.599609375

00000090.jpg
/Users/patricio/Desktop/flatiron/IMG_6835.jpg
2978.47875977
1224 1632
-2.56278804649 3.96797781692 12.7171269852
8.55655847013 0.0160457924163 -10.5272539234
-0.27787970984 0.481984899926 -0.11630476372
0.959889383869 -0.137077185049 0.237761632024 -0.0573727733762
0.880355328074 0.044959653956 0.472178712711
-0.175326410391 0.955836579644 0.235875785695
-0.440720753173 -0.290439953101 0.849358609336
-0.0755393235552
40.7425027778 -73.9893722222 13.8180827887

00000091.jpg
/Users/patricio/Desktop/flatiron/IMG_6833.jpg
2967.29931641
1224 1632
-2.33081361068 3.72849331959 17.7665624022
11.031424773 -0.0379549411331 -14.6044943264
-0.19081048996 0.514886278289 -0.0759124867495
0.961835352019 -0.0941884260213 0.254159654127 -0.0374721413053
0.867997084388 0.0242062535994 0.495978294082
-0.119961867294 0.979448970223 0.162139682756
-0.481860667503 -0.200235348837 0.853062922961
-0.0727959243862
40.7425166667 -73.9895166667 14.0682680152

00000092.jpg
/Users/patricio/Desktop/flatiron/IMG_6874.jpg
2917.12768555
1224 1632
15.8556443644 7.88504485937 9.51265465843
-13.7534783591 -0.234728821939 14.6578557248
-0.60056001045 -1.42201275073 0.502319742274
0.688300762967 -0.268379399435 -0.635471762006 0.224477601588
0.0915708713554 0.0320789101937 -0.995281765358
0.650111327963 0.755164631411 0.0841532450734
0.754301029172 -0.654749736509 0.0482962584357
-0.0691273545157
40.7405777778 -73.989425 15.7679738562

00000093.jpg
/Users/patricio/Desktop/flatiron/IMG_6368.JPG
3599.77661133
518.5 777.5
2.91003806477 -1.17412027895 -4.33479413089
-3.75673369479 0.0066396996421 3.81106743984
-0.289718871827 0.206765196177 0.00746431927449
0.984198669539 -0.144095638518 0.102837494771 0.00371248115519
0.97882127114 -0.0369444998939 0.201355157889
-0.0223292238394 0.958445164944 0.284401039989
-0.203494944239 -0.282873902875 0.937321648407
0.0234461091604
0 0 0

00000094.jpg
/Users/patricio/Desktop/flatiron/IMG_6362.JPG
3578.41674805
518.5 777.5
-0.964470539604 -3.9750531116 -2.70421039892
-0.695559255074 -0.0389996172315 4.85372804823
-0.971918568513 0.308951536654 -0.173651160621
0.869177413905 -0.464576980343 0.147678804193 -0.0830052377306
0.94260227475 0.00707619035849 0.33384281696
-0.281508921127 0.554556861149 0.783083527483
-0.179593507508 -0.832115745854 0.524718371474
-0.0104076764249
0 0 0

00000095.jpg
/Users/patricio/Desktop/flatiron/IMG_6365.JPG
3611.54370117
518.5 777.5
4.00999427352 -2.80306089336 -2.10838161617
-3.75214012082 0.0656636157724 3.78148382575
-0.952594456233 -0.0456609225973 0.0721048540003
0.887822334368 -0.45835038089 -0.0219702110666 0.0346939739979
0.996627279888 -0.0414640455632 -0.0708151626014
0.08174429437 0.577422293273 0.812342838384
0.00720741370136 -0.815391982098 0.578864416449
0.00649274520527
0 0 0

00000096.jpg
/Users/patricio/Desktop/flatiron/IMG_6366.JPG
3609.6394043
518.5 777.5
3.25708728113 -2.65789985913 -3.30960746861
-3.73959976214 0.000852662233426 3.82647979713
-0.694242701189 0.122240007178 -0.0197012752856
0.938478394889 -0.339973231082 0.0598613858477 -0.00964778773162
0.992646954824 -0.0225940693307 0.118917209617
-0.0588110307091 0.768650286385 0.636960044958
-0.105797259608 -0.639270083886 0.761669549488
0.0993761259832
0 0 0

